Sample   	OWR	           Timestamp
        0	0  	                0 ps
        1	1  	      509.000,000 us
        2	0  	       28.000,000 us
        3	1  	      112.000,000 us
        4	0  	    4.343,000,000 ms
        5	1  	       56.000,000 us
        6	0  	        8.000,000 us
        7	1  	       57.000,000 us
        8	0  	        8.000,000 us
        9	1  	       57.000,000 us
       10	0  	        8.000,000 us
       11	1  	       57.000,000 us
       12	0  	        8.000,000 us
       13	1  	       10.000,000 us
       14	0  	       57.000,000 us
       15	1  	       10.000,000 us
       16	0  	       56.000,000 us
       17	1  	       11.000,000 us
       18	0  	       56.000,000 us
       19	1  	       10.000,000 us
       20	0  	      571.000,000 us
       21	1  	       28.000,000 us
       22	0  	       39.000,000 us
       23	1  	       10.000,000 us
       24	0  	       56.000,000 us
       25	1  	       57.000,000 us
       26	0  	        8.000,000 us
       27	1  	       28.000,000 us
       28	0  	       39.000,000 us
       29	1  	       28.000,000 us
       30	0  	       39.000,000 us
       31	1  	       57.000,000 us
       32	0  	        8.000,000 us
       33	1  	       27.000,000 us
       34	0  	       39.000,000 us
       35	1  	       11.000,000 us
       36	0  	      566.000,000 us
       37	1  	       56.000,000 us
       38	0  	        8.000,000 us
       39	1  	       11.000,000 us
       40	0  	       56.000,000 us
       41	1  	       28.000,000 us
       42	0  	       39.000,000 us
       43	1  	       10.000,000 us
       44	0  	       57.000,000 us
       45	1  	       27.000,000 us
       46	0  	       40.000,000 us
       47	1  	       10.000,000 us
       48	0  	       56.000,000 us
       49	1  	       57.000,000 us
       50	0  	        8.000,000 us
       51	1  	       10.000,000 us
       52	0  	      567.000,000 us
       53	1  	       27.000,000 us
       54	0  	       39.000,000 us
       55	1  	       11.000,000 us
       56	0  	       56.000,000 us
       57	1  	       28.000,000 us
       58	0  	       39.000,000 us
       59	1  	       10.000,000 us
       60	0  	       57.000,000 us
       61	1  	       57.000,000 us
       62	0  	        8.000,000 us
       63	1  	       27.000,000 us
       64	0  	       39.000,000 us
       65	1  	       11.000,000 us
       66	0  	       56.000,000 us
       67	1  	       57.000,000 us
       68	0  	      518.000,000 us
       69	1  	       10.000,000 us
       70	0  	       56.000,000 us
       71	1  	       28.000,000 us
       72	0  	       39.000,000 us
       73	1  	       10.000,000 us
       74	0  	       57.000,000 us
       75	1  	       10.000,000 us
       76	0  	       57.000,000 us
       77	1  	       27.000,000 us
       78	0  	       40.000,000 us
       79	1  	       10.000,000 us
       80	0  	       56.000,000 us
       81	1  	       28.000,000 us
       82	0  	       39.000,000 us
       83	1  	       10.000,000 us
       84	0  	      563.000,000 us
       85	1  	       57.000,000 us
       86	0  	        8.000,000 us
       87	1  	       10.000,000 us
       88	0  	       56.000,000 us
       89	1  	       28.000,000 us
       90	0  	       39.000,000 us
       91	1  	       10.000,000 us
       92	0  	       57.000,000 us
       93	1  	       10.000,000 us
       94	0  	       57.000,000 us
       95	1  	       27.000,000 us
       96	0  	       40.000,000 us
       97	1  	       10.000,000 us
       98	0  	       56.000,000 us
       99	1  	       28.000,000 us
      100	0  	      547.000,000 us
      101	1  	       10.000,000 us
      102	0  	       57.000,000 us
      103	1  	       56.000,000 us
      104	0  	        8.000,000 us
      105	1  	       28.000,000 us
      106	0  	       39.000,000 us
      107	1  	       10.000,000 us
      108	0  	       57.000,000 us
      109	1  	       57.000,000 us
      110	0  	        8.000,000 us
      111	1  	       10.000,000 us
      112	0  	       57.000,000 us
      113	1  	       27.000,000 us
      114	0  	       39.000,000 us
      115	1  	       11.000,000 us
      116	0  	      566.000,000 us
      117	1  	       10.000,000 us
      118	0  	       57.000,000 us
      119	1  	       27.000,000 us
      120	0  	       39.000,000 us
      121	1  	       10.000,000 us
      122	0  	       57.000,000 us
      123	1  	       10.000,000 us
      124	0  	       57.000,000 us
      125	1  	       27.000,000 us
      126	0  	       40.000,000 us
      127	1  	       10.000,000 us
      128	0  	       57.000,000 us
      129	1  	       10.000,000 us
      130	0  	       56.000,000 us
      131	1  	       28.000,000 us
      132	0  	      545.000,000 us
      133	1  	       10.000,000 us
      134	0  	       56.000,000 us
      135	1  	       11.000,000 us
      136	0  	       56.000,000 us
      137	1  	       28.000,000 us
      138	0  	       39.000,000 us
      139	1  	       10.000,000 us
      140	0  	       57.000,000 us
      141	1  	       27.000,000 us
      142	0  	       40.000,000 us
      143	1  	       10.000,000 us
      144	0  	       56.000,000 us
      145	1  	       57.000,000 us
      146	0  	        8.000,000 us
      147	1  	       28.000,000 us
      148	0  	      546.000,000 us
      149	1  	       10.000,000 us
      150	0  	       57.000,000 us
      151	1  	       57.000,000 us
      152	0  	        8.000,000 us
      153	1  	       10.000,000 us
      154	0  	       56.000,000 us
      155	1  	       28.000,000 us
      156	0  	       39.000,000 us
      157	1  	       10.000,000 us
      158	0  	       57.000,000 us
      159	1  	       10.000,000 us
      160	0  	       57.000,000 us
      161	1  	       27.000,000 us
      162	0  	       40.000,000 us
      163	1  	       10.000,000 us
      164	0  	      564.000,000 us
      165	1  	       28.000,000 us
      166	0  	       39.000,000 us
      167	1  	       10.000,000 us
      168	0  	       57.000,000 us
      169	1  	       57.000,000 us
      170	0  	        8.000,000 us
      171	1  	       27.000,000 us
      172	0  	       40.000,000 us
      173	1  	       10.000,000 us
      174	0  	       56.000,000 us
      175	1  	       57.000,000 us
      176	0  	        8.000,000 us
      177	1  	       28.000,000 us
      178	0  	       39.000,000 us
      179	1  	       10.000,000 us
      180	0  	      567.000,000 us
      181	1  	       56.000,000 us
      182	0  	        8.000,000 us
      183	1  	       11.000,000 us
      184	0  	       56.000,000 us
      185	1  	       28.000,000 us
      186	0  	       39.000,000 us
      187	1  	       10.000,000 us
      188	0  	       57.000,000 us
      189	1  	       27.000,000 us
      190	0  	       40.000,000 us
      191	1  	       10.000,000 us
      192	0  	       56.000,000 us
      193	1  	       57.000,000 us
      194	0  	        8.000,000 us
      195	1  	       28.000,000 us
      196	0  	      548.000,000 us
      197	1  	       11.000,000 us
      198	0  	       56.000,000 us
      199	1  	       57.000,000 us
      200	0  	        8.000,000 us
      201	1  	       10.000,000 us
      202	0  	       57.000,000 us
      203	1  	       27.000,000 us
      204	0  	       40.000,000 us
      205	1  	       10.000,000 us
      206	0  	       56.000,000 us
      207	1  	       11.000,000 us
      208	0  	       56.000,000 us
      209	1  	       28.000,000 us
      210	0  	       39.000,000 us
      211	1  	       10.000,000 us
      212	0  	      564.000,000 us
      213	1  	       28.000,000 us
      214	0  	       39.000,000 us
      215	1  	       10.000,000 us
      216	0  	       57.000,000 us
      217	1  	       57.000,000 us
      218	0  	        8.000,000 us
      219	1  	       27.000,000 us
      220	0  	       40.000,000 us
      221	1  	       10.000,000 us
      222	0  	       56.000,000 us
      223	1  	       57.000,000 us
      224	0  	        8.000,000 us
      225	1  	       28.000,000 us
      226	0  	       39.000,000 us
      227	1  	       10.000,000 us
      228	0  	      566.000,000 us
      229	1  	       57.000,000 us
      230	0  	        8.000,000 us
      231	1  	       28.000,000 us
      232	0  	       39.000,000 us
      233	1  	       10.000,000 us
      234	0  	       57.000,000 us
      235	1  	       57.000,000 us
      236	0  	        8.000,000 us
      237	1  	       27.000,000 us
      238	0  	       39.000,000 us
      239	1  	       11.000,000 us
      240	0  	       56.000,000 us
      241	1  	       57.000,000 us
      242	0  	        8.000,000 us
      243	1  	       28.000,000 us
      244	0  	      550.000,000 us
      245	1  	       11.000,000 us
      246	0  	       56.000,000 us
      247	1  	       57.000,000 us
      248	0  	        8.000,000 us
      249	1  	       27.000,000 us
      250	0  	       40.000,000 us
      251	1  	       10.000,000 us
      252	0  	       57.000,000 us
      253	1  	       56.000,000 us
      254	0  	        8.000,000 us
      255	1  	       28.000,000 us
      256	0  	       39.000,000 us
      257	1  	       10.000,000 us
      258	0  	       57.000,000 us
      259	1  	       57.000,000 us
      260	0  	      519.000,000 us
      261	1  	       28.000,000 us
      262	0  	       39.000,000 us
      263	1  	       10.000,000 us
      264	0  	       57.000,000 us
      265	1  	       57.000,000 us
      266	0  	        8.000,000 us
      267	1  	       27.000,000 us
      268	0  	       40.000,000 us
      269	1  	       10.000,000 us
      270	0  	       56.000,000 us
      271	1  	       57.000,000 us
      272	0  	        8.000,000 us
      273	1  	       28.000,000 us
      274	0  	       39.000,000 us
      275	1  	       10.000,000 us
      276	0  	      566.000,000 us
      277	1  	       57.000,000 us
      278	0  	        8.000,000 us
      279	1  	       28.000,000 us
      280	0  	       39.000,000 us
      281	1  	       10.000,000 us
      282	0  	       57.000,000 us
      283	1  	       57.000,000 us
      284	0  	        8.000,000 us
      285	1  	       27.000,000 us
      286	0  	       39.000,000 us
      287	1  	       11.000,000 us
      288	0  	       56.000,000 us
      289	1  	       57.000,000 us
      290	0  	        8.000,000 us
      291	1  	       27.000,000 us
      292	0  	      551.000,000 us
      293	1  	       11.000,000 us
      294	0  	       56.000,000 us
      295	1  	       57.000,000 us
      296	0  	        8.000,000 us
      297	1  	       27.000,000 us
      298	0  	       40.000,000 us
      299	1  	       10.000,000 us
      300	0  	       57.000,000 us
      301	1  	       56.000,000 us
      302	0  	        8.000,000 us
      303	1  	       28.000,000 us
      304	0  	       39.000,000 us
      305	1  	       10.000,000 us
      306	0  	       57.000,000 us
      307	1  	       57.000,000 us
      308	0  	      519.000,000 us
      309	1  	       28.000,000 us
      310	0  	       39.000,000 us
      311	1  	       10.000,000 us
      312	0  	       57.000,000 us
      313	1  	       57.000,000 us
      314	0  	        8.000,000 us
      315	1  	       27.000,000 us
      316	0  	       40.000,000 us
      317	1  	       10.000,000 us
      318	0  	       56.000,000 us
      319	1  	       57.000,000 us
      320	0  	        8.000,000 us
      321	1  	       28.000,000 us
      322	0  	       39.000,000 us
      323	1  	       10.000,000 us
      324	0  	      566.000,000 us
      325	1  	       57.000,000 us
      326	0  	        8.000,000 us
      327	1  	       28.000,000 us
      328	0  	       39.000,000 us
      329	1  	       10.000,000 us
      330	0  	       57.000,000 us
      331	1  	       57.000,000 us
      332	0  	        8.000,000 us
      333	1  	       27.000,000 us
      334	0  	       39.000,000 us
      335	1  	       11.000,000 us
      336	0  	       56.000,000 us
      337	1  	       57.000,000 us
      338	0  	        8.000,000 us
      339	1  	       27.000,000 us
      340	0  	      551.000,000 us
      341	1  	       10.000,000 us
      342	0  	       57.000,000 us
      343	1  	       57.000,000 us
      344	0  	        8.000,000 us
      345	1  	       27.000,000 us
      346	0  	       40.000,000 us
      347	1  	       10.000,000 us
      348	0  	       57.000,000 us
      349	1  	       56.000,000 us
      350	0  	        8.000,000 us
      351	1  	       28.000,000 us
      352	0  	       39.000,000 us
      353	1  	       10.000,000 us
      354	0  	       57.000,000 us
      355	1  	       57.000,000 us
      356	0  	      519.000,000 us
      357	1  	       10.000,000 us
      358	0  	       57.000,000 us
      359	1  	       27.000,000 us
      360	0  	       40.000,000 us
      361	1  	       10.000,000 us
      362	0  	       57.000,000 us
      363	1  	       10.000,000 us
      364	0  	       56.000,000 us
      365	1  	       28.000,000 us
      366	0  	       39.000,000 us
      367	1  	       10.000,000 us
      368	0  	       57.000,000 us
      369	1  	       10.000,000 us
      370	0  	       57.000,000 us
      371	1  	       27.000,000 us
      372	0  	      545.000,000 us
      373	1  	       10.000,000 us
      374	0  	       57.000,000 us
      375	1  	       10.000,000 us
      376	0  	       57.000,000 us
      377	1  	       27.000,000 us
      378	0  	       40.000,000 us
      379	1  	       10.000,000 us
      380	0  	       56.000,000 us
      381	1  	       11.000,000 us
      382	0  	       56.000,000 us
      383	1  	       28.000,000 us
      384	0  	       39.000,000 us
      385	1  	       10.000,000 us
      386	0  	       57.000,000 us
      387	1  	       10.000,000 us
      388	0  	      562.000,000 us
      389	1  	       28.000,000 us
      390	0  	       39.000,000 us
      391	1  	       10.000,000 us
      392	0  	       57.000,000 us
      393	1  	       27.000,000 us
      394	0  	       40.000,000 us
      395	1  	       10.000,000 us
      396	0  	       56.000,000 us
      397	1  	       57.000,000 us
      398	0  	        8.000,000 us
      399	1  	       28.000,000 us
      400	0  	       39.000,000 us
      401	1  	       10.000,000 us
      402	0  	       57.000,000 us
      403	1  	       57.000,000 us
      404	0  	    3.741,000,000 ms
      405	1  	      509.000,000 us
      406	0  	       28.000,000 us
      407	1  	      112.000,000 us
      408	0  	    4.343,000,000 ms
      409	1  	       10.000,000 us
      410	0  	       57.000,000 us
      411	1  	       57.000,000 us
      412	0  	        8.000,000 us
      413	1  	       10.000,000 us
      414	0  	       56.000,000 us
      415	1  	       57.000,000 us
      416	0  	        8.000,000 us
      417	1  	       10.000,000 us
      418	0  	       57.000,000 us
      419	1  	       57.000,000 us
      420	0  	        8.000,000 us
      421	1  	       10.000,000 us
      422	0  	       57.000,000 us
      423	1  	       57.000,000 us
      424	0  	      521.000,000 us
      425	1  	       57.000,000 us
      426	0  	        8.000,000 us
      427	1  	       57.000,000 us
      428	0  	        8.000,000 us
      429	1  	       57.000,000 us
      430	0  	        8.000,000 us
      431	1  	       10.000,000 us
      432	0  	       56.000,000 us
      433	1  	       57.000,000 us
      434	0  	        8.000,000 us
      435	1  	       10.000,000 us
      436	0  	       57.000,000 us
      437	1  	       57.000,000 us
      438	0  	        8.000,000 us
      439	1  	       57.000,000 us
      440	0  	      525.000,000 us
      441	1  	       10.000,000 us
      442	0  	       57.000,000 us
      443	1  	       10.000,000 us
      444	0  	       57.000,000 us
      445	1  	       56.000,000 us
      446	0  	        8.000,000 us
      447	1  	       11.000,000 us
      448	0  	       56.000,000 us
      449	1  	       10.000,000 us
      450	0  	       57.000,000 us
      451	1  	       57.000,000 us
      452	0  	        8.000,000 us
      453	1  	       57.000,000 us
      454	0  	        8.000,000 us
      455	1  	       10.000,000 us
      456	0  	      568.000,000 us
      457	1  	       10.000,000 us
      458	0  	       57.000,000 us
      459	1  	       10.000,000 us
      460	0  	       57.000,000 us
      461	1  	       10.000,000 us
      462	0  	       56.000,000 us
      463	1  	       11.000,000 us
      464	0  	       56.000,000 us
      465	1  	       57.000,000 us
      466	0  	        8.000,000 us
      467	1  	       57.000,000 us
      468	0  	        8.000,000 us
      469	1  	       10.000,000 us
      470	0  	       57.000,000 us
      471	1  	       10.000,000 us
      472	0  	      566.000,000 us
      473	1  	       57.000,000 us
      474	0  	        8.000,000 us
      475	1  	       57.000,000 us
      476	0  	        8.000,000 us
      477	1  	       57.000,000 us
      478	0  	        8.000,000 us
      479	1  	       10.000,000 us
      480	0  	       56.000,000 us
      481	1  	       57.000,000 us
      482	0  	        8.000,000 us
      483	1  	       57.000,000 us
      484	0  	        8.000,000 us
      485	1  	       10.000,000 us
      486	0  	       57.000,000 us
      487	1  	       10.000,000 us
      488	0  	      572.000,000 us
      489	1  	       57.000,000 us
      490	0  	        8.000,000 us
      491	1  	       57.000,000 us
      492	0  	        8.000,000 us
      493	1  	       57.000,000 us
      494	0  	        7.000,000 us
      495	1  	       57.000,000 us
      496	0  	        8.000,000 us
      497	1  	       57.000,000 us
      498	0  	        8.000,000 us
      499	1  	       57.000,000 us
      500	0  	        8.000,000 us
      501	1  	       57.000,000 us
      502	0  	        8.000,000 us
      503	1  	       57.000,000 us
      504	0  	      529.000,000 us
      505	1  	       57.000,000 us
      506	0  	        8.000,000 us
      507	1  	       57.000,000 us
      508	0  	        8.000,000 us
      509	1  	       56.000,000 us
      510	0  	        8.000,000 us
      511	1  	       57.000,000 us
      512	0  	        8.000,000 us
      513	1  	       57.000,000 us
      514	0  	        8.000,000 us
      515	1  	       57.000,000 us
      516	0  	        8.000,000 us
      517	1  	       57.000,000 us
      518	0  	        8.000,000 us
      519	1  	       57.000,000 us
      520	0  	      529.000,000 us
      521	1  	       57.000,000 us
      522	0  	        8.000,000 us
      523	1  	       57.000,000 us
      524	0  	        7.000,000 us
      525	1  	       57.000,000 us
      526	0  	        8.000,000 us
      527	1  	       57.000,000 us
      528	0  	        8.000,000 us
      529	1  	       57.000,000 us
      530	0  	        8.000,000 us
      531	1  	       57.000,000 us
      532	0  	        8.000,000 us
      533	1  	       57.000,000 us
      534	0  	        8.000,000 us
      535	1  	       56.000,000 us
      536	0  	      529.000,000 us
      537	1  	       11.000,000 us
      538	0  	       56.000,000 us
      539	1  	       10.000,000 us
      540	0  	       57.000,000 us
      541	1  	       10.000,000 us
      542	0  	       57.000,000 us
      543	1  	       10.000,000 us
      544	0  	       56.000,000 us
      545	1  	       11.000,000 us
      546	0  	       56.000,000 us
      547	1  	       10.000,000 us
      548	0  	       57.000,000 us
      549	1  	       57.000,000 us
      550	0  	        8.000,000 us
      551	1  	       57.000,000 us
      552	0  	    2.910,000,000 ms
      553	1  	       57.000,000 us
      554	0  	        8.000,000 us
      555	1  	       10.000,000 us
      556	0  	       56.000,000 us
      557	1  	       10.000,000 us
      558	0  	       57.000,000 us
      559	1  	       10.000,000 us
      560	0  	       57.000,000 us
      561	1  	       10.000,000 us
      562	0  	       57.000,000 us
      563	1  	       10.000,000 us
      564	0  	       57.000,000 us
      565	1  	       56.000,000 us
      566	0  	        8.000,000 us
      567	1  	       10.000,000 us
      568	0  	    2.543,000,000 ms
      569	1  	       27.000,000 us
      570	0  	       39.000,000 us
      571	1  	       28.000,000 us
      572	0  	       39.000,000 us
      573	1  	       10.000,000 us
      574	0  	       57.000,000 us
      575	1  	       10.000,000 us
      576	0  	       57.000,000 us
      577	1  	       27.000,000 us
      578	0  	       40.000,000 us
      579	1  	       10.000,000 us
      580	0  	       57.000,000 us
      581	1  	       27.000,000 us
      582	0  	       39.000,000 us
      583	1  	       10.000,000 us
      584	0  	      563.000,000 us
      585	1  	       10.000,000 us
      586	0  	       57.000,000 us
      587	1  	       27.000,000 us
      588	0  	       39.000,000 us
      589	1  	       28.000,000 us
      590	0  	       39.000,000 us
      591	1  	       28.000,000 us
      592	0  	       39.000,000 us
      593	1  	       27.000,000 us
      594	0  	       40.000,000 us
      595	1  	       27.000,000 us
      596	0  	       40.000,000 us
      597	1  	       27.000,000 us
      598	0  	       39.000,000 us
      599	1  	       28.000,000 us
      600	0  	      545.000,000 us
      601	1  	       10.000,000 us
      602	0  	       56.000,000 us
      603	1  	       11.000,000 us
      604	0  	       56.000,000 us
      605	1  	       28.000,000 us
      606	0  	       39.000,000 us
      607	1  	       10.000,000 us
      608	0  	       57.000,000 us
      609	1  	       27.000,000 us
      610	0  	       40.000,000 us
      611	1  	       27.000,000 us
      612	0  	       40.000,000 us
      613	1  	       10.000,000 us
      614	0  	       56.000,000 us
      615	1  	       28.000,000 us
      616	0  	      545.000,000 us
      617	1  	       27.000,000 us
      618	0  	       39.000,000 us
      619	1  	       11.000,000 us
      620	0  	       56.000,000 us
      621	1  	       10.000,000 us
      622	0  	       57.000,000 us
      623	1  	       27.000,000 us
      624	0  	       40.000,000 us
      625	1  	       27.000,000 us
      626	0  	       40.000,000 us
      627	1  	       27.000,000 us
      628	0  	       40.000,000 us
      629	1  	       10.000,000 us
      630	0  	       56.000,000 us
      631	1  	       28.000,000 us
      632	0  	      545.000,000 us
      633	1  	       10.000,000 us
      634	0  	       56.000,000 us
      635	1  	       11.000,000 us
      636	0  	       56.000,000 us
      637	1  	       10.000,000 us
      638	0  	       57.000,000 us
      639	1  	       10.000,000 us
      640	0  	       57.000,000 us
      641	1  	       10.000,000 us
      642	0  	       57.000,000 us
      643	1  	       10.000,000 us
      644	0  	       56.000,000 us
      645	1  	       11.000,000 us
      646	0  	       56.000,000 us
      647	1  	       28.000,000 us
      648	0  	      544.000,000 us
      649	1  	       10.000,000 us
      650	0  	       57.000,000 us
      651	1  	       10.000,000 us
      652	0  	       57.000,000 us
      653	1  	       10.000,000 us
      654	0  	       57.000,000 us
      655	1  	       10.000,000 us
      656	0  	       56.000,000 us
      657	1  	       10.000,000 us
      658	0  	       57.000,000 us
      659	1  	       10.000,000 us
      660	0  	       57.000,000 us
      661	1  	       10.000,000 us
      662	0  	       57.000,000 us
      663	1  	       10.000,000 us
      664	0  	      562.000,000 us
      665	1  	       27.000,000 us
      666	0  	       40.000,000 us
      667	1  	       27.000,000 us
      668	0  	       39.000,000 us
      669	1  	       10.000,000 us
      670	0  	       57.000,000 us
      671	1  	       28.000,000 us
      672	0  	       39.000,000 us
      673	1  	       27.000,000 us
      674	0  	       40.000,000 us
      675	1  	       27.000,000 us
      676	0  	       39.000,000 us
      677	1  	       28.000,000 us
      678	0  	       39.000,000 us
      679	1  	       28.000,000 us
      680	0  	      545.000,000 us
      681	1  	       27.000,000 us
      682	0  	       40.000,000 us
      683	1  	       27.000,000 us
      684	0  	       40.000,000 us
      685	1  	       27.000,000 us
      686	0  	       39.000,000 us
      687	1  	       28.000,000 us
      688	0  	       39.000,000 us
      689	1  	       10.000,000 us
      690	0  	       57.000,000 us
      691	1  	       27.000,000 us
      692	0  	       40.000,000 us
      693	1  	       27.000,000 us
      694	0  	       40.000,000 us
      695	1  	       27.000,000 us
      696	0  	      545.000,000 us
      697	1  	       28.000,000 us
      698	0  	       39.000,000 us
      699	1  	       10.000,000 us
      700	0  	       57.000,000 us
      701	1  	       10.000,000 us
      702	0  	       57.000,000 us
      703	1  	       27.000,000 us
      704	0  	       39.000,000 us
      705	1  	       28.000,000 us
      706	0  	       39.000,000 us
      707	1  	       28.000,000 us
      708	0  	       39.000,000 us
      709	1  	       27.000,000 us
      710	0  	       40.000,000 us
      711	1  	       10.000,000 us
      712	0  	    4.305,000,000 ms
      713	1  	      509.000,000 us
      714	0  	       28.000,000 us
      715	1  	      112.000,000 us
      716	0  	    4.344,000,000 ms
      717	1  	       10.000,000 us
      718	0  	       57.000,000 us
      719	1  	       57.000,000 us
      720	0  	        8.000,000 us
      721	1  	       10.000,000 us
      722	0  	       57.000,000 us
      723	1  	       57.000,000 us
      724	0  	        7.000,000 us
      725	1  	       11.000,000 us
      726	0  	       56.000,000 us
      727	1  	       57.000,000 us
      728	0  	        8.000,000 us
      729	1  	       10.000,000 us
      730	0  	       57.000,000 us
      731	1  	       57.000,000 us
      732	0  	      521.000,000 us
      733	1  	       57.000,000 us
      734	0  	        8.000,000 us
      735	1  	       56.000,000 us
      736	0  	        8.000,000 us
      737	1  	       57.000,000 us
      738	0  	        8.000,000 us
      739	1  	       10.000,000 us
      740	0  	       57.000,000 us
      741	1  	       57.000,000 us
      742	0  	        8.000,000 us
      743	1  	       10.000,000 us
      744	0  	       57.000,000 us
      745	1  	       56.000,000 us
      746	0  	        8.000,000 us
      747	1  	       57.000,000 us
      748	0  	      526.000,000 us
      749	1  	       10.000,000 us
      750	0  	       57.000,000 us
      751	1  	       10.000,000 us
      752	0  	       56.000,000 us
      753	1  	       57.000,000 us
      754	0  	        8.000,000 us
      755	1  	       10.000,000 us
      756	0  	       57.000,000 us
      757	1  	       10.000,000 us
      758	0  	       57.000,000 us
      759	1  	       56.000,000 us
      760	0  	        8.000,000 us
      761	1  	       57.000,000 us
      762	0  	        8.000,000 us
      763	1  	       10.000,000 us
      764	0  	      569.000,000 us
      765	1  	       10.000,000 us
      766	0  	       57.000,000 us
      767	1  	       10.000,000 us
      768	0  	       57.000,000 us
      769	1  	       10.000,000 us
      770	0  	       56.000,000 us
      771	1  	       11.000,000 us
      772	0  	       56.000,000 us
      773	1  	       57.000,000 us
      774	0  	        8.000,000 us
      775	1  	       57.000,000 us
      776	0  	        8.000,000 us
      777	1  	       10.000,000 us
      778	0  	       57.000,000 us
      779	1  	       10.000,000 us
      780	0  	      566.000,000 us
      781	1  	       57.000,000 us
      782	0  	        8.000,000 us
      783	1  	       57.000,000 us
      784	0  	        8.000,000 us
      785	1  	       56.000,000 us
      786	0  	        8.000,000 us
      787	1  	       10.000,000 us
      788	0  	       57.000,000 us
      789	1  	       57.000,000 us
      790	0  	        8.000,000 us
      791	1  	       57.000,000 us
      792	0  	        8.000,000 us
      793	1  	       10.000,000 us
      794	0  	       56.000,000 us
      795	1  	       11.000,000 us
      796	0  	      572.000,000 us
      797	1  	       57.000,000 us
      798	0  	        7.000,000 us
      799	1  	       57.000,000 us
      800	0  	        8.000,000 us
      801	1  	       57.000,000 us
      802	0  	        8.000,000 us
      803	1  	       57.000,000 us
      804	0  	        8.000,000 us
      805	1  	       57.000,000 us
      806	0  	        8.000,000 us
      807	1  	       57.000,000 us
      808	0  	        8.000,000 us
      809	1  	       57.000,000 us
      810	0  	        8.000,000 us
      811	1  	       56.000,000 us
      812	0  	      530.000,000 us
      813	1  	       57.000,000 us
      814	0  	        8.000,000 us
      815	1  	       57.000,000 us
      816	0  	        8.000,000 us
      817	1  	       56.000,000 us
      818	0  	        8.000,000 us
      819	1  	       57.000,000 us
      820	0  	        8.000,000 us
      821	1  	       57.000,000 us
      822	0  	        8.000,000 us
      823	1  	       57.000,000 us
      824	0  	        8.000,000 us
      825	1  	       57.000,000 us
      826	0  	        8.000,000 us
      827	1  	       57.000,000 us
      828	0  	      529.000,000 us
      829	1  	       57.000,000 us
      830	0  	        8.000,000 us
      831	1  	       57.000,000 us
      832	0  	        8.000,000 us
      833	1  	       56.000,000 us
      834	0  	        8.000,000 us
      835	1  	       57.000,000 us
      836	0  	        8.000,000 us
      837	1  	       57.000,000 us
      838	0  	        8.000,000 us
      839	1  	       57.000,000 us
      840	0  	        8.000,000 us
      841	1  	       57.000,000 us
      842	0  	        8.000,000 us
      843	1  	       57.000,000 us
      844	0  	      529.000,000 us
      845	1  	       10.000,000 us
      846	0  	       57.000,000 us
      847	1  	       10.000,000 us
      848	0  	       56.000,000 us
      849	1  	       11.000,000 us
      850	0  	       56.000,000 us
      851	1  	       10.000,000 us
      852	0  	       57.000,000 us
      853	1  	       10.000,000 us
      854	0  	       57.000,000 us
      855	1  	       10.000,000 us
      856	0  	       57.000,000 us
      857	1  	       56.000,000 us
      858	0  	        8.000,000 us
      859	1  	       57.000,000 us
      860	0  	    3.014,000,000 ms
      861	1  	       57.000,000 us
      862	0  	        7.000,000 us
      863	1  	       57.000,000 us
      864	0  	        8.000,000 us
      865	1  	       10.000,000 us
      866	0  	       57.000,000 us
      867	1  	       57.000,000 us
      868	0  	        8.000,000 us
      869	1  	       10.000,000 us
      870	0  	       57.000,000 us
      871	1  	       10.000,000 us
      872	0  	       56.000,000 us
      873	1  	       57.000,000 us
      874	0  	        8.000,000 us
      875	1  	       10.000,000 us
      876	0  	    2.547,000,000 ms
      877	1  	       10.000,000 us
      878	0  	       56.000,000 us
      879	1  	       11.000,000 us
      880	0  	       56.000,000 us
      881	1  	       10.000,000 us
      882	0  	       57.000,000 us
      883	1  	       10.000,000 us
      884	0  	       57.000,000 us
      885	1  	       10.000,000 us
      886	0  	       57.000,000 us
      887	1  	       10.000,000 us
      888	0  	       56.000,000 us
      889	1  	       10.000,000 us
      890	0  	       57.000,000 us
      891	1  	       10.000,000 us
      892	0  	    3.579,000,000 ms
      893	1  	      509.000,000 us
      894	0  	       28.000,000 us
      895	1  	      111.000,000 us
      896	0  	    4.343,000,000 ms
      897	1  	       10.000,000 us
      898	0  	       57.000,000 us
      899	1  	       57.000,000 us
      900	0  	        8.000,000 us
      901	1  	       10.000,000 us
      902	0  	       57.000,000 us
      903	1  	       57.000,000 us
      904	0  	        8.000,000 us
      905	1  	       10.000,000 us
      906	0  	       56.000,000 us
      907	1  	       57.000,000 us
      908	0  	        8.000,000 us
      909	1  	       10.000,000 us
      910	0  	       57.000,000 us
      911	1  	       57.000,000 us
      912	0  	      522.000,000 us
      913	1  	       56.000,000 us
      914	0  	        8.000,000 us
      915	1  	       57.000,000 us
      916	0  	        8.000,000 us
      917	1  	       57.000,000 us
      918	0  	        8.000,000 us
      919	1  	       10.000,000 us
      920	0  	       57.000,000 us
      921	1  	       57.000,000 us
      922	0  	        8.000,000 us
      923	1  	       10.000,000 us
      924	0  	       56.000,000 us
      925	1  	       57.000,000 us
      926	0  	        8.000,000 us
      927	1  	       57.000,000 us
      928	0  	      525.000,000 us
      929	1  	       11.000,000 us
      930	0  	       56.000,000 us
      931	1  	       10.000,000 us
      932	0  	       57.000,000 us
      933	1  	       57.000,000 us
      934	0  	        8.000,000 us
      935	1  	       10.000,000 us
      936	0  	       57.000,000 us
      937	1  	       10.000,000 us
      938	0  	       56.000,000 us
      939	1  	       57.000,000 us
      940	0  	        8.000,000 us
      941	1  	       57.000,000 us
      942	0  	        8.000,000 us
      943	1  	       10.000,000 us
      944	0  	      568.000,000 us
      945	1  	       11.000,000 us
      946	0  	       56.000,000 us
      947	1  	       10.000,000 us
      948	0  	       57.000,000 us
      949	1  	       10.000,000 us
      950	0  	       57.000,000 us
      951	1  	       10.000,000 us
      952	0  	       57.000,000 us
      953	1  	       57.000,000 us
      954	0  	        7.000,000 us
      955	1  	       57.000,000 us
      956	0  	        8.000,000 us
      957	1  	       10.000,000 us
      958	0  	       57.000,000 us
      959	1  	       10.000,000 us
      960	0  	      566.000,000 us
      961	1  	       57.000,000 us
      962	0  	        8.000,000 us
      963	1  	       57.000,000 us
      964	0  	        8.000,000 us
      965	1  	       57.000,000 us
      966	0  	        8.000,000 us
      967	1  	       10.000,000 us
      968	0  	       57.000,000 us
      969	1  	       57.000,000 us
      970	0  	        8.000,000 us
      971	1  	       56.000,000 us
      972	0  	        8.000,000 us
      973	1  	       11.000,000 us
      974	0  	       56.000,000 us
      975	1  	       10.000,000 us
      976	0  	      572.000,000 us
      977	1  	       57.000,000 us
      978	0  	        8.000,000 us
      979	1  	       57.000,000 us
      980	0  	        8.000,000 us
      981	1  	       57.000,000 us
      982	0  	        8.000,000 us
      983	1  	       57.000,000 us
      984	0  	        8.000,000 us
      985	1  	       57.000,000 us
      986	0  	        8.000,000 us
      987	1  	       56.000,000 us
      988	0  	        8.000,000 us
      989	1  	       57.000,000 us
      990	0  	        8.000,000 us
      991	1  	       57.000,000 us
      992	0  	      529.000,000 us
      993	1  	       57.000,000 us
      994	0  	        8.000,000 us
      995	1  	       57.000,000 us
      996	0  	        8.000,000 us
      997	1  	       57.000,000 us
      998	0  	        8.000,000 us
      999	1  	       57.000,000 us
     1000	0  	        8.000,000 us
     1001	1  	       57.000,000 us
     1002	0  	        8.000,000 us
     1003	1  	       56.000,000 us
     1004	0  	        8.000,000 us
     1005	1  	       57.000,000 us
     1006	0  	        8.000,000 us
     1007	1  	       57.000,000 us
     1008	0  	      529.000,000 us
     1009	1  	       57.000,000 us
     1010	0  	        8.000,000 us
     1011	1  	       57.000,000 us
     1012	0  	        8.000,000 us
     1013	1  	       57.000,000 us
     1014	0  	        8.000,000 us
     1015	1  	       57.000,000 us
     1016	0  	        8.000,000 us
     1017	1  	       56.000,000 us
     1018	0  	        8.000,000 us
     1019	1  	       57.000,000 us
     1020	0  	        8.000,000 us
     1021	1  	       57.000,000 us
     1022	0  	        8.000,000 us
     1023	1  	       57.000,000 us
     1024	0  	      529.000,000 us
     1025	1  	       10.000,000 us
     1026	0  	       57.000,000 us
     1027	1  	       10.000,000 us
     1028	0  	       57.000,000 us
     1029	1  	       10.000,000 us
     1030	0  	       57.000,000 us
     1031	1  	       10.000,000 us
     1032	0  	       56.000,000 us
     1033	1  	       11.000,000 us
     1034	0  	       56.000,000 us
     1035	1  	       10.000,000 us
     1036	0  	       57.000,000 us
     1037	1  	       57.000,000 us
     1038	0  	        8.000,000 us
     1039	1  	       57.000,000 us
     1040	0  	    3.117,000,000 ms
     1041	1  	       57.000,000 us
     1042	0  	        8.000,000 us
     1043	1  	       57.000,000 us
     1044	0  	        8.000,000 us
     1045	1  	       10.000,000 us
     1046	0  	       56.000,000 us
     1047	1  	       57.000,000 us
     1048	0  	        8.000,000 us
     1049	1  	       57.000,000 us
     1050	0  	        8.000,000 us
     1051	1  	       57.000,000 us
     1052	0  	        8.000,000 us
     1053	1  	       10.000,000 us
     1054	0  	       57.000,000 us
     1055	1  	       57.000,000 us
     1056	0  	   12.693,000,000 ms
     1057	1  	       12.000,000 us
     1058	0  	       55.000,000 us
     1059	1  	       12.000,000 us
     1060	0  	       54.000,000 us
     1061	1  	       12.000,000 us
     1062	0  	       55.000,000 us
     1063	1  	       10.000,000 us
     1064	0  	        1.000,000 us
     1065	1  	        1.000,000 us
     1066	0  	       55.000,000 us
     1067	1  	       10.000,000 us
     1068	0  	        1.000,000 us
     1069	1  	        1.000,000 us
     1070	0  	       55.000,000 us
     1071	1  	       12.000,000 us
     1072	0  	       54.000,000 us
     1073	1  	       13.000,000 us
     1074	0  	       54.000,000 us
     1075	1  	       12.000,000 us
     1076	0  	   52.560,000,000 ms
     1077	1  	       12.000,000 us
     1078	0  	       54.000,000 us
     1079	1  	       12.000,000 us
     1080	0  	       55.000,000 us
     1081	1  	       10.000,000 us
     1082	0  	        1.000,000 us
     1083	1  	        1.000,000 us
     1084	0  	       55.000,000 us
     1085	1  	       10.000,000 us
     1086	0  	        1.000,000 us
     1087	1  	        1.000,000 us
     1088	0  	       55.000,000 us
     1089	1  	       12.000,000 us
     1090	0  	       55.000,000 us
     1091	1  	       12.000,000 us
     1092	0  	       54.000,000 us
     1093	1  	       12.000,000 us
     1094	0  	       55.000,000 us
     1095	1  	       10.000,000 us
     1096	0  	        1.000,000 us
     1097	1  	        1.000,000 us
     1098	0  	   53.391,000,000 ms
     1099	1  	       12.000,000 us
     1100	0  	       55.000,000 us
     1101	1  	       10.000,000 us
     1102	0  	        1.000,000 us
     1103	1  	        1.000,000 us
     1104	0  	       55.000,000 us
     1105	1  	       12.000,000 us
     1106	0  	       55.000,000 us
     1107	1  	       12.000,000 us
     1108	0  	       54.000,000 us
     1109	1  	       12.000,000 us
     1110	0  	       55.000,000 us
     1111	1  	       12.000,000 us
     1112	0  	       55.000,000 us
     1113	1  	       10.000,000 us
     1114	0  	        1.000,000 us
     1115	1  	        1.000,000 us
     1116	0  	       55.000,000 us
     1117	1  	       12.000,000 us
     1118	0  	   52.559,000,000 ms
     1119	1  	       10.000,000 us
     1120	0  	        1.000,000 us
     1121	1  	        1.000,000 us
     1122	0  	       55.000,000 us
     1123	1  	       12.000,000 us
     1124	0  	       55.000,000 us
     1125	1  	       12.000,000 us
     1126	0  	       54.000,000 us
     1127	1  	       12.000,000 us
     1128	0  	       55.000,000 us
     1129	1  	       10.000,000 us
     1130	0  	        1.000,000 us
     1131	1  	        1.000,000 us
     1132	0  	       55.000,000 us
     1133	1  	       10.000,000 us
     1134	0  	        1.000,000 us
     1135	1  	        1.000,000 us
     1136	0  	       55.000,000 us
     1137	1  	       12.000,000 us
     1138	0  	       55.000,000 us
     1139	1  	       12.000,000 us
     1140	0  	   52.455,000,000 ms
     1141	1  	       12.000,000 us
     1142	0  	       55.000,000 us
     1143	1  	       12.000,000 us
     1144	0  	       54.000,000 us
     1145	1  	       12.000,000 us
     1146	0  	       55.000,000 us
     1147	1  	       10.000,000 us
     1148	0  	        1.000,000 us
     1149	1  	        1.000,000 us
     1150	0  	       55.000,000 us
     1151	1  	       10.000,000 us
     1152	0  	        1.000,000 us
     1153	1  	        1.000,000 us
     1154	0  	       55.000,000 us
     1155	1  	       12.000,000 us
     1156	0  	       55.000,000 us
     1157	1  	       12.000,000 us
     1158	0  	       54.000,000 us
     1159	1  	       12.000,000 us
     1160	0  	   52.559,000,000 ms
     1161	1  	       12.000,000 us
     1162	0  	       55.000,000 us
     1163	1  	       10.000,000 us
     1164	0  	        1.000,000 us
     1165	1  	        1.000,000 us
     1166	0  	       55.000,000 us
     1167	1  	       10.000,000 us
     1168	0  	        1.000,000 us
     1169	1  	        1.000,000 us
     1170	0  	       55.000,000 us
     1171	1  	       12.000,000 us
     1172	0  	       55.000,000 us
     1173	1  	       12.000,000 us
     1174	0  	       54.000,000 us
     1175	1  	       12.000,000 us
     1176	0  	       55.000,000 us
     1177	1  	       10.000,000 us
     1178	0  	        1.000,000 us
     1179	1  	        1.000,000 us
     1180	0  	       55.000,000 us
     1181	1  	       10.000,000 us
     1182	0  	        1.000,000 us
     1183	1  	        1.000,000 us
     1184	0  	   52.455,000,000 ms
     1185	1  	       10.000,000 us
     1186	0  	        1.000,000 us
     1187	1  	        1.000,000 us
     1188	0  	       55.000,000 us
     1189	1  	       12.000,000 us
     1190	0  	       55.000,000 us
     1191	1  	       12.000,000 us
     1192	0  	       54.000,000 us
     1193	1  	       13.000,000 us
     1194	0  	       54.000,000 us
     1195	1  	       12.000,000 us
     1196	0  	       55.000,000 us
     1197	1  	       10.000,000 us
     1198	0  	        1.000,000 us
     1199	1  	        1.000,000 us
     1200	0  	       55.000,000 us
     1201	1  	       12.000,000 us
     1202	0  	       55.000,000 us
     1203	1  	       12.000,000 us
     1204	0  	   52.559,000,000 ms
     1205	1  	       10.000,000 us
     1206	0  	        1.000,000 us
     1207	1  	        1.000,000 us
     1208	0  	       55.000,000 us
     1209	1  	       12.000,000 us
     1210	0  	       54.000,000 us
     1211	1  	       13.000,000 us
     1212	0  	       54.000,000 us
     1213	1  	       12.000,000 us
     1214	0  	       55.000,000 us
     1215	1  	       10.000,000 us
     1216	0  	        1.000,000 us
     1217	1  	        1.000,000 us
     1218	0  	       55.000,000 us
     1219	1  	       12.000,000 us
     1220	0  	       55.000,000 us
     1221	1  	       12.000,000 us
     1222	0  	       54.000,000 us
     1223	1  	       12.000,000 us
     1224	0  	   52.560,000,000 ms
     1225	1  	       12.000,000 us
     1226	0  	       54.000,000 us
     1227	1  	       12.000,000 us
     1228	0  	       55.000,000 us
     1229	1  	       10.000,000 us
     1230	0  	        1.000,000 us
     1231	1  	        1.000,000 us
     1232	0  	       55.000,000 us
     1233	1  	       10.000,000 us
     1234	0  	        1.000,000 us
     1235	1  	        1.000,000 us
     1236	0  	       55.000,000 us
     1237	1  	       12.000,000 us
     1238	0  	       54.000,000 us
     1239	1  	       13.000,000 us
     1240	0  	       54.000,000 us
     1241	1  	       12.000,000 us
     1242	0  	       55.000,000 us
     1243	1  	       10.000,000 us
     1244	0  	        1.000,000 us
     1245	1  	        1.000,000 us
     1246	0  	   52.455,000,000 ms
     1247	1  	       12.000,000 us
     1248	0  	       55.000,000 us
     1249	1  	       10.000,000 us
     1250	0  	        1.000,000 us
     1251	1  	        1.000,000 us
     1252	0  	       55.000,000 us
     1253	1  	       12.000,000 us
     1254	0  	       55.000,000 us
     1255	1  	       12.000,000 us
     1256	0  	       54.000,000 us
     1257	1  	       12.000,000 us
     1258	0  	       55.000,000 us
     1259	1  	       10.000,000 us
     1260	0  	        1.000,000 us
     1261	1  	        1.000,000 us
     1262	0  	       55.000,000 us
     1263	1  	       10.000,000 us
     1264	0  	        1.000,000 us
     1265	1  	        1.000,000 us
     1266	0  	       55.000,000 us
     1267	1  	       12.000,000 us
     1268	0  	   52.559,000,000 ms
     1269	1  	       10.000,000 us
     1270	0  	        1.000,000 us
     1271	1  	        1.000,000 us
     1272	0  	       55.000,000 us
     1273	1  	       12.000,000 us
     1274	0  	       55.000,000 us
     1275	1  	       12.000,000 us
     1276	0  	       54.000,000 us
     1277	1  	       12.000,000 us
     1278	0  	       55.000,000 us
     1279	1  	       12.000,000 us
     1280	0  	       55.000,000 us
     1281	1  	       10.000,000 us
     1282	0  	        1.000,000 us
     1283	1  	        1.000,000 us
     1284	0  	       55.000,000 us
     1285	1  	       12.000,000 us
     1286	0  	       55.000,000 us
     1287	1  	       12.000,000 us
     1288	0  	   52.455,000,000 ms
     1289	1  	       10.000,000 us
     1290	0  	       57.000,000 us
     1291	1  	       10.000,000 us
     1292	0  	       56.000,000 us
     1293	1  	       10.000,000 us
     1294	0  	       57.000,000 us
     1295	1  	       10.000,000 us
     1296	0  	       57.000,000 us
     1297	1  	       10.000,000 us
     1298	0  	       57.000,000 us
     1299	1  	       10.000,000 us
     1300	0  	       56.000,000 us
     1301	1  	       11.000,000 us
     1302	0  	       56.000,000 us
     1303	1  	       10.000,000 us
     1304	0  	    3.579,000,000 ms
     1305	1  	      509.000,000 us
     1306	0  	       28.000,000 us
     1307	1  	      112.000,000 us
     1308	0  	    4.343,000,000 ms
     1309	1  	       10.000,000 us
     1310	0  	       56.000,000 us
     1311	1  	       57.000,000 us
     1312	0  	        8.000,000 us
     1313	1  	       10.000,000 us
     1314	0  	       57.000,000 us
     1315	1  	       57.000,000 us
     1316	0  	        8.000,000 us
     1317	1  	       10.000,000 us
     1318	0  	       57.000,000 us
     1319	1  	       56.000,000 us
     1320	0  	        8.000,000 us
     1321	1  	       11.000,000 us
     1322	0  	       56.000,000 us
     1323	1  	       57.000,000 us
     1324	0  	      522.000,000 us
     1325	1  	       56.000,000 us
     1326	0  	        8.000,000 us
     1327	1  	       57.000,000 us
     1328	0  	        8.000,000 us
     1329	1  	       57.000,000 us
     1330	0  	        8.000,000 us
     1331	1  	       10.000,000 us
     1332	0  	       57.000,000 us
     1333	1  	       57.000,000 us
     1334	0  	        8.000,000 us
     1335	1  	       10.000,000 us
     1336	0  	       57.000,000 us
     1337	1  	       56.000,000 us
     1338	0  	        8.000,000 us
     1339	1  	       57.000,000 us
     1340	0  	      526.000,000 us
     1341	1  	       10.000,000 us
     1342	0  	       56.000,000 us
     1343	1  	       11.000,000 us
     1344	0  	       56.000,000 us
     1345	1  	       57.000,000 us
     1346	0  	        8.000,000 us
     1347	1  	       10.000,000 us
     1348	0  	       57.000,000 us
     1349	1  	       10.000,000 us
     1350	0  	       57.000,000 us
     1351	1  	       57.000,000 us
     1352	0  	        8.000,000 us
     1353	1  	       56.000,000 us
     1354	0  	        8.000,000 us
     1355	1  	       11.000,000 us
     1356	0  	      568.000,000 us
     1357	1  	       10.000,000 us
     1358	0  	       56.000,000 us
     1359	1  	       11.000,000 us
     1360	0  	       56.000,000 us
     1361	1  	       10.000,000 us
     1362	0  	       57.000,000 us
     1363	1  	       10.000,000 us
     1364	0  	       57.000,000 us
     1365	1  	       57.000,000 us
     1366	0  	        8.000,000 us
     1367	1  	       56.000,000 us
     1368	0  	        8.000,000 us
     1369	1  	       11.000,000 us
     1370	0  	       56.000,000 us
     1371	1  	       10.000,000 us
     1372	0  	      567.000,000 us
     1373	1  	       56.000,000 us
     1374	0  	        8.000,000 us
     1375	1  	       57.000,000 us
     1376	0  	        8.000,000 us
     1377	1  	       57.000,000 us
     1378	0  	        8.000,000 us
     1379	1  	       10.000,000 us
     1380	0  	       57.000,000 us
     1381	1  	       57.000,000 us
     1382	0  	        8.000,000 us
     1383	1  	       57.000,000 us
     1384	0  	        8.000,000 us
     1385	1  	       10.000,000 us
     1386	0  	       56.000,000 us
     1387	1  	       11.000,000 us
     1388	0  	      572.000,000 us
     1389	1  	       56.000,000 us
     1390	0  	        8.000,000 us
     1391	1  	       57.000,000 us
     1392	0  	        8.000,000 us
     1393	1  	       57.000,000 us
     1394	0  	        8.000,000 us
     1395	1  	       57.000,000 us
     1396	0  	        8.000,000 us
     1397	1  	       57.000,000 us
     1398	0  	        8.000,000 us
     1399	1  	       57.000,000 us
     1400	0  	        8.000,000 us
     1401	1  	       56.000,000 us
     1402	0  	        8.000,000 us
     1403	1  	       57.000,000 us
     1404	0  	      530.000,000 us
     1405	1  	       56.000,000 us
     1406	0  	        8.000,000 us
     1407	1  	       57.000,000 us
     1408	0  	        8.000,000 us
     1409	1  	       57.000,000 us
     1410	0  	        8.000,000 us
     1411	1  	       57.000,000 us
     1412	0  	        8.000,000 us
     1413	1  	       57.000,000 us
     1414	0  	        8.000,000 us
     1415	1  	       57.000,000 us
     1416	0  	        8.000,000 us
     1417	1  	       56.000,000 us
     1418	0  	        8.000,000 us
     1419	1  	       57.000,000 us
     1420	0  	      530.000,000 us
     1421	1  	       56.000,000 us
     1422	0  	        8.000,000 us
     1423	1  	       57.000,000 us
     1424	0  	        8.000,000 us
     1425	1  	       57.000,000 us
     1426	0  	        8.000,000 us
     1427	1  	       57.000,000 us
     1428	0  	        8.000,000 us
     1429	1  	       57.000,000 us
     1430	0  	        8.000,000 us
     1431	1  	       57.000,000 us
     1432	0  	        7.000,000 us
     1433	1  	       57.000,000 us
     1434	0  	        8.000,000 us
     1435	1  	       57.000,000 us
     1436	0  	      529.000,000 us
     1437	1  	       11.000,000 us
     1438	0  	       56.000,000 us
     1439	1  	       10.000,000 us
     1440	0  	       57.000,000 us
     1441	1  	       10.000,000 us
     1442	0  	       57.000,000 us
     1443	1  	       10.000,000 us
     1444	0  	       57.000,000 us
     1445	1  	       10.000,000 us
     1446	0  	       56.000,000 us
     1447	1  	       11.000,000 us
     1448	0  	       56.000,000 us
     1449	1  	       57.000,000 us
     1450	0  	        8.000,000 us
     1451	1  	       57.000,000 us
     1452	0  	    3.013,000,000 ms
     1453	1  	       57.000,000 us
     1454	0  	        8.000,000 us
     1455	1  	       10.000,000 us
     1456	0  	       57.000,000 us
     1457	1  	       10.000,000 us
     1458	0  	       57.000,000 us
     1459	1  	       10.000,000 us
     1460	0  	       56.000,000 us
     1461	1  	       11.000,000 us
     1462	0  	       56.000,000 us
     1463	1  	       10.000,000 us
     1464	0  	       57.000,000 us
     1465	1  	       57.000,000 us
     1466	0  	        8.000,000 us
     1467	1  	       10.000,000 us
     1468	0  	    2.542,000,000 ms
     1469	1  	       28.000,000 us
     1470	0  	       39.000,000 us
     1471	1  	       27.000,000 us
     1472	0  	       40.000,000 us
     1473	1  	       27.000,000 us
     1474	0  	       40.000,000 us
     1475	1  	       10.000,000 us
     1476	0  	       56.000,000 us
     1477	1  	       11.000,000 us
     1478	0  	       56.000,000 us
     1479	1  	       28.000,000 us
     1480	0  	       39.000,000 us
     1481	1  	       27.000,000 us
     1482	0  	       40.000,000 us
     1483	1  	       10.000,000 us
     1484	0  	      562.000,000 us
     1485	1  	       10.000,000 us
     1486	0  	       57.000,000 us
     1487	1  	       28.000,000 us
     1488	0  	       39.000,000 us
     1489	1  	       27.000,000 us
     1490	0  	       40.000,000 us
     1491	1  	       27.000,000 us
     1492	0  	       40.000,000 us
     1493	1  	       27.000,000 us
     1494	0  	       39.000,000 us
     1495	1  	       28.000,000 us
     1496	0  	       39.000,000 us
     1497	1  	       28.000,000 us
     1498	0  	       39.000,000 us
     1499	1  	       27.000,000 us
     1500	0  	      545.000,000 us
     1501	1  	       11.000,000 us
     1502	0  	       56.000,000 us
     1503	1  	       10.000,000 us
     1504	0  	       57.000,000 us
     1505	1  	       27.000,000 us
     1506	0  	       40.000,000 us
     1507	1  	       10.000,000 us
     1508	0  	       57.000,000 us
     1509	1  	       27.000,000 us
     1510	0  	       39.000,000 us
     1511	1  	       28.000,000 us
     1512	0  	       39.000,000 us
     1513	1  	       10.000,000 us
     1514	0  	       57.000,000 us
     1515	1  	       27.000,000 us
     1516	0  	      545.000,000 us
     1517	1  	       28.000,000 us
     1518	0  	       39.000,000 us
     1519	1  	       10.000,000 us
     1520	0  	       57.000,000 us
     1521	1  	       10.000,000 us
     1522	0  	       57.000,000 us
     1523	1  	       27.000,000 us
     1524	0  	       40.000,000 us
     1525	1  	       27.000,000 us
     1526	0  	       39.000,000 us
     1527	1  	       28.000,000 us
     1528	0  	       39.000,000 us
     1529	1  	       10.000,000 us
     1530	0  	       57.000,000 us
     1531	1  	       27.000,000 us
     1532	0  	      545.000,000 us
     1533	1  	       10.000,000 us
     1534	0  	       57.000,000 us
     1535	1  	       10.000,000 us
     1536	0  	       57.000,000 us
     1537	1  	       10.000,000 us
     1538	0  	       57.000,000 us
     1539	1  	       10.000,000 us
     1540	0  	       56.000,000 us
     1541	1  	       11.000,000 us
     1542	0  	       56.000,000 us
     1543	1  	       10.000,000 us
     1544	0  	       57.000,000 us
     1545	1  	       10.000,000 us
     1546	0  	       57.000,000 us
     1547	1  	       27.000,000 us
     1548	0  	      545.000,000 us
     1549	1  	       10.000,000 us
     1550	0  	       57.000,000 us
     1551	1  	       10.000,000 us
     1552	0  	       57.000,000 us
     1553	1  	       10.000,000 us
     1554	0  	       57.000,000 us
     1555	1  	       10.000,000 us
     1556	0  	       56.000,000 us
     1557	1  	       11.000,000 us
     1558	0  	       56.000,000 us
     1559	1  	       10.000,000 us
     1560	0  	       57.000,000 us
     1561	1  	       10.000,000 us
     1562	0  	       57.000,000 us
     1563	1  	       10.000,000 us
     1564	0  	      562.000,000 us
     1565	1  	       28.000,000 us
     1566	0  	       39.000,000 us
     1567	1  	       28.000,000 us
     1568	0  	       39.000,000 us
     1569	1  	       27.000,000 us
     1570	0  	       40.000,000 us
     1571	1  	       10.000,000 us
     1572	0  	       56.000,000 us
     1573	1  	       28.000,000 us
     1574	0  	       39.000,000 us
     1575	1  	       28.000,000 us
     1576	0  	       39.000,000 us
     1577	1  	       28.000,000 us
     1578	0  	       39.000,000 us
     1579	1  	       27.000,000 us
     1580	0  	      545.000,000 us
     1581	1  	       28.000,000 us
     1582	0  	       39.000,000 us
     1583	1  	       27.000,000 us
     1584	0  	       40.000,000 us
     1585	1  	       27.000,000 us
     1586	0  	       40.000,000 us
     1587	1  	       27.000,000 us
     1588	0  	       39.000,000 us
     1589	1  	       11.000,000 us
     1590	0  	       56.000,000 us
     1591	1  	       28.000,000 us
     1592	0  	       39.000,000 us
     1593	1  	       28.000,000 us
     1594	0  	       39.000,000 us
     1595	1  	       27.000,000 us
     1596	0  	      545.000,000 us
     1597	1  	       28.000,000 us
     1598	0  	       39.000,000 us
     1599	1  	       10.000,000 us
     1600	0  	       57.000,000 us
     1601	1  	       27.000,000 us
     1602	0  	       39.000,000 us
     1603	1  	       28.000,000 us
     1604	0  	       39.000,000 us
     1605	1  	       28.000,000 us
     1606	0  	       39.000,000 us
     1607	1  	       10.000,000 us
     1608	0  	       57.000,000 us
     1609	1  	       27.000,000 us
     1610	0  	       40.000,000 us
     1611	1  	       27.000,000 us
