Sample   	OWR	           Timestamp
        0	0  	                0 ps
        1	1  	      509.000,000 us
        2	0  	       28.000,000 us
        3	1  	      112.000,000 us
        4	0  	    4.447,000,000 ms
        5	1  	       11.000,000 us
        6	0  	       56.000,000 us
        7	1  	       57.000,000 us
        8	0  	        8.000,000 us
        9	1  	       10.000,000 us
       10	0  	       57.000,000 us
       11	1  	       57.000,000 us
       12	0  	        8.000,000 us
       13	1  	       10.000,000 us
       14	0  	       56.000,000 us
       15	1  	       57.000,000 us
       16	0  	        8.000,000 us
       17	1  	       10.000,000 us
       18	0  	       57.000,000 us
       19	1  	       57.000,000 us
       20	0  	      521.000,000 us
       21	1  	       57.000,000 us
       22	0  	        8.000,000 us
       23	1  	       10.000,000 us
       24	0  	       57.000,000 us
       25	1  	       57.000,000 us
       26	0  	        8.000,000 us
       27	1  	       57.000,000 us
       28	0  	        8.000,000 us
       29	1  	       56.000,000 us
       30	0  	        8.000,000 us
       31	1  	       57.000,000 us
       32	0  	        8.000,000 us
       33	1  	       10.000,000 us
       34	0  	       57.000,000 us
       35	1  	       57.000,000 us
       36	0  	      525.000,000 us
       37	1  	       57.000,000 us
       38	0  	        8.000,000 us
       39	1  	       57.000,000 us
       40	0  	        8.000,000 us
       41	1  	       57.000,000 us
       42	0  	        8.000,000 us
       43	1  	       10.000,000 us
       44	0  	       56.000,000 us
       45	1  	       57.000,000 us
       46	0  	        8.000,000 us
       47	1  	       10.000,000 us
       48	0  	       57.000,000 us
       49	1  	       57.000,000 us
       50	0  	        8.000,000 us
       51	1  	       10.000,000 us
       52	0  	      572.000,000 us
       53	1  	       57.000,000 us
       54	0  	        8.000,000 us
       55	1  	       10.000,000 us
       56	0  	       57.000,000 us
       57	1  	       10.000,000 us
       58	0  	       57.000,000 us
       59	1  	       57.000,000 us
       60	0  	        8.000,000 us
       61	1  	       56.000,000 us
       62	0  	        8.000,000 us
       63	1  	       11.000,000 us
       64	0  	       56.000,000 us
       65	1  	       57.000,000 us
       66	0  	        8.000,000 us
       67	1  	       10.000,000 us
       68	0  	      570.000,000 us
       69	1  	       10.000,000 us
       70	0  	       57.000,000 us
       71	1  	       10.000,000 us
       72	0  	       57.000,000 us
       73	1  	       57.000,000 us
       74	0  	        8.000,000 us
       75	1  	       57.000,000 us
       76	0  	        8.000,000 us
       77	1  	       56.000,000 us
       78	0  	        8.000,000 us
       79	1  	       57.000,000 us
       80	0  	        8.000,000 us
       81	1  	       57.000,000 us
       82	0  	        8.000,000 us
       83	1  	       57.000,000 us
       84	0  	      525.000,000 us
       85	1  	       57.000,000 us
       86	0  	        8.000,000 us
       87	1  	       57.000,000 us
       88	0  	        8.000,000 us
       89	1  	       57.000,000 us
       90	0  	        8.000,000 us
       91	1  	       57.000,000 us
       92	0  	        8.000,000 us
       93	1  	       56.000,000 us
       94	0  	        8.000,000 us
       95	1  	       57.000,000 us
       96	0  	        8.000,000 us
       97	1  	       57.000,000 us
       98	0  	        8.000,000 us
       99	1  	       57.000,000 us
      100	0  	      529.000,000 us
      101	1  	       57.000,000 us
      102	0  	        8.000,000 us
      103	1  	       57.000,000 us
      104	0  	        8.000,000 us
      105	1  	       57.000,000 us
      106	0  	        8.000,000 us
      107	1  	       57.000,000 us
      108	0  	        8.000,000 us
      109	1  	       56.000,000 us
      110	0  	        8.000,000 us
      111	1  	       57.000,000 us
      112	0  	        8.000,000 us
      113	1  	       57.000,000 us
      114	0  	        8.000,000 us
      115	1  	       57.000,000 us
      116	0  	      529.000,000 us
      117	1  	       57.000,000 us
      118	0  	        8.000,000 us
      119	1  	       57.000,000 us
      120	0  	        8.000,000 us
      121	1  	       57.000,000 us
      122	0  	        8.000,000 us
      123	1  	       57.000,000 us
      124	0  	        8.000,000 us
      125	1  	       56.000,000 us
      126	0  	        8.000,000 us
      127	1  	       57.000,000 us
      128	0  	        8.000,000 us
      129	1  	       57.000,000 us
      130	0  	        8.000,000 us
      131	1  	       57.000,000 us
      132	0  	      529.000,000 us
      133	1  	       10.000,000 us
      134	0  	       57.000,000 us
      135	1  	       10.000,000 us
      136	0  	       57.000,000 us
      137	1  	       10.000,000 us
      138	0  	       57.000,000 us
      139	1  	       56.000,000 us
      140	0  	        8.000,000 us
      141	1  	       57.000,000 us
      142	0  	        8.000,000 us
      143	1  	       10.000,000 us
      144	0  	       57.000,000 us
      145	1  	       10.000,000 us
      146	0  	       57.000,000 us
      147	1  	       57.000,000 us
      148	0  	    3.119,000,000 ms
      149	1  	       57.000,000 us
      150	0  	        8.000,000 us
      151	1  	       10.000,000 us
      152	0  	       57.000,000 us
      153	1  	       10.000,000 us
      154	0  	       56.000,000 us
      155	1  	       11.000,000 us
      156	0  	       56.000,000 us
      157	1  	       10.000,000 us
      158	0  	       57.000,000 us
      159	1  	       10.000,000 us
      160	0  	       57.000,000 us
      161	1  	       57.000,000 us
      162	0  	        8.000,000 us
      163	1  	       10.000,000 us
      164	0  	    2.542,000,000 ms
      165	1  	       10.000,000 us
      166	0  	       56.000,000 us
      167	1  	       11.000,000 us
      168	0  	       56.000,000 us
      169	1  	       10.000,000 us
      170	0  	       57.000,000 us
      171	1  	       10.000,000 us
      172	0  	       57.000,000 us
      173	1  	       28.000,000 us
      174	0  	       39.000,000 us
      175	1  	       10.000,000 us
      176	0  	       57.000,000 us
      177	1  	       28.000,000 us
      178	0  	       38.000,000 us
      179	1  	       11.000,000 us
      180	0  	      562.000,000 us
      181	1  	       10.000,000 us
      182	0  	       57.000,000 us
      183	1  	       28.000,000 us
      184	0  	       39.000,000 us
      185	1  	       28.000,000 us
      186	0  	       39.000,000 us
      187	1  	       28.000,000 us
      188	0  	       38.000,000 us
      189	1  	       29.000,000 us
      190	0  	       38.000,000 us
      191	1  	       29.000,000 us
      192	0  	       38.000,000 us
      193	1  	       29.000,000 us
      194	0  	       38.000,000 us
      195	1  	       28.000,000 us
      196	0  	      544.000,000 us
      197	1  	       10.000,000 us
      198	0  	       57.000,000 us
      199	1  	       10.000,000 us
      200	0  	       57.000,000 us
      201	1  	       28.000,000 us
      202	0  	       38.000,000 us
      203	1  	       29.000,000 us
      204	0  	       38.000,000 us
      205	1  	       29.000,000 us
      206	0  	       38.000,000 us
      207	1  	       29.000,000 us
      208	0  	       38.000,000 us
      209	1  	       28.000,000 us
      210	0  	       39.000,000 us
      211	1  	       28.000,000 us
      212	0  	      544.000,000 us
      213	1  	       10.000,000 us
      214	0  	       57.000,000 us
      215	1  	       10.000,000 us
      216	0  	       57.000,000 us
      217	1  	       28.000,000 us
      218	0  	       38.000,000 us
      219	1  	       29.000,000 us
      220	0  	       38.000,000 us
      221	1  	       29.000,000 us
      222	0  	       38.000,000 us
      223	1  	       28.000,000 us
      224	0  	       39.000,000 us
      225	1  	       28.000,000 us
      226	0  	       39.000,000 us
      227	1  	       28.000,000 us
      228	0  	      544.000,000 us
      229	1  	       10.000,000 us
      230	0  	       57.000,000 us
      231	1  	       10.000,000 us
      232	0  	       57.000,000 us
      233	1  	       10.000,000 us
      234	0  	       57.000,000 us
      235	1  	       10.000,000 us
      236	0  	       56.000,000 us
      237	1  	       10.000,000 us
      238	0  	       57.000,000 us
      239	1  	       10.000,000 us
      240	0  	       57.000,000 us
      241	1  	       10.000,000 us
      242	0  	       57.000,000 us
      243	1  	       28.000,000 us
      244	0  	      544.000,000 us
      245	1  	       10.000,000 us
      246	0  	       57.000,000 us
      247	1  	       10.000,000 us
      248	0  	       57.000,000 us
      249	1  	       10.000,000 us
      250	0  	       57.000,000 us
      251	1  	       10.000,000 us
      252	0  	       56.000,000 us
      253	1  	       10.000,000 us
      254	0  	       57.000,000 us
      255	1  	       10.000,000 us
      256	0  	       57.000,000 us
      257	1  	       10.000,000 us
      258	0  	       57.000,000 us
      259	1  	       10.000,000 us
      260	0  	      562.000,000 us
      261	1  	       10.000,000 us
      262	0  	       57.000,000 us
      263	1  	       28.000,000 us
      264	0  	       39.000,000 us
      265	1  	       28.000,000 us
      266	0  	       38.000,000 us
      267	1  	       29.000,000 us
      268	0  	       38.000,000 us
      269	1  	       29.000,000 us
      270	0  	       38.000,000 us
      271	1  	       28.000,000 us
      272	0  	       39.000,000 us
      273	1  	       28.000,000 us
      274	0  	       39.000,000 us
      275	1  	       28.000,000 us
      276	0  	      544.000,000 us
      277	1  	       28.000,000 us
      278	0  	       39.000,000 us
      279	1  	       28.000,000 us
      280	0  	       39.000,000 us
      281	1  	       28.000,000 us
      282	0  	       38.000,000 us
      283	1  	       29.000,000 us
      284	0  	       38.000,000 us
      285	1  	       10.000,000 us
      286	0  	       57.000,000 us
      287	1  	       28.000,000 us
      288	0  	       39.000,000 us
      289	1  	       28.000,000 us
      290	0  	       39.000,000 us
      291	1  	       28.000,000 us
      292	0  	      544.000,000 us
      293	1  	       10.000,000 us
      294	0  	       57.000,000 us
      295	1  	       10.000,000 us
      296	0  	       57.000,000 us
      297	1  	       28.000,000 us
      298	0  	       38.000,000 us
      299	1  	       29.000,000 us
      300	0  	       38.000,000 us
      301	1  	       10.000,000 us
      302	0  	       57.000,000 us
      303	1  	       28.000,000 us
      304	0  	       39.000,000 us
      305	1  	       10.000,000 us
      306	0  	       57.000,000 us
      307	1  	       28.000,000 us
      308	0  	    4.288,000,000 ms
      309	1  	      509.000,000 us
      310	0  	       28.000,000 us
      311	1  	      112.000,000 us
      312	0  	    4.447,000,000 ms
      313	1  	       10.000,000 us
      314	0  	       56.000,000 us
      315	1  	       57.000,000 us
      316	0  	        8.000,000 us
      317	1  	       10.000,000 us
      318	0  	       57.000,000 us
      319	1  	       57.000,000 us
      320	0  	        8.000,000 us
      321	1  	       10.000,000 us
      322	0  	       57.000,000 us
      323	1  	       57.000,000 us
      324	0  	        8.000,000 us
      325	1  	       10.000,000 us
      326	0  	       56.000,000 us
      327	1  	       57.000,000 us
      328	0  	      522.000,000 us
      329	1  	       57.000,000 us
      330	0  	        8.000,000 us
      331	1  	       10.000,000 us
      332	0  	       56.000,000 us
      333	1  	       57.000,000 us
      334	0  	        8.000,000 us
      335	1  	       57.000,000 us
      336	0  	        8.000,000 us
      337	1  	       57.000,000 us
      338	0  	        8.000,000 us
      339	1  	       57.000,000 us
      340	0  	        8.000,000 us
      341	1  	       10.000,000 us
      342	0  	       57.000,000 us
      343	1  	       56.000,000 us
      344	0  	      526.000,000 us
      345	1  	       57.000,000 us
      346	0  	        8.000,000 us
      347	1  	       56.000,000 us
      348	0  	        8.000,000 us
      349	1  	       57.000,000 us
      350	0  	        8.000,000 us
      351	1  	       10.000,000 us
      352	0  	       57.000,000 us
      353	1  	       57.000,000 us
      354	0  	        8.000,000 us
      355	1  	       10.000,000 us
      356	0  	       57.000,000 us
      357	1  	       57.000,000 us
      358	0  	        8.000,000 us
      359	1  	       10.000,000 us
      360	0  	      572.000,000 us
      361	1  	       57.000,000 us
      362	0  	        8.000,000 us
      363	1  	       10.000,000 us
      364	0  	       56.000,000 us
      365	1  	       11.000,000 us
      366	0  	       56.000,000 us
      367	1  	       57.000,000 us
      368	0  	        8.000,000 us
      369	1  	       57.000,000 us
      370	0  	        8.000,000 us
      371	1  	       10.000,000 us
      372	0  	       57.000,000 us
      373	1  	       57.000,000 us
      374	0  	        8.000,000 us
      375	1  	       10.000,000 us
      376	0  	      570.000,000 us
      377	1  	       10.000,000 us
      378	0  	       57.000,000 us
      379	1  	       10.000,000 us
      380	0  	       56.000,000 us
      381	1  	       57.000,000 us
      382	0  	        8.000,000 us
      383	1  	       57.000,000 us
      384	0  	        8.000,000 us
      385	1  	       57.000,000 us
      386	0  	        8.000,000 us
      387	1  	       57.000,000 us
      388	0  	        8.000,000 us
      389	1  	       57.000,000 us
      390	0  	        8.000,000 us
      391	1  	       57.000,000 us
      392	0  	      525.000,000 us
      393	1  	       57.000,000 us
      394	0  	        7.000,000 us
      395	1  	       57.000,000 us
      396	0  	        8.000,000 us
      397	1  	       57.000,000 us
      398	0  	        8.000,000 us
      399	1  	       57.000,000 us
      400	0  	        8.000,000 us
      401	1  	       57.000,000 us
      402	0  	        8.000,000 us
      403	1  	       57.000,000 us
      404	0  	        8.000,000 us
      405	1  	       57.000,000 us
      406	0  	        8.000,000 us
      407	1  	       56.000,000 us
      408	0  	      530.000,000 us
      409	1  	       56.000,000 us
      410	0  	        8.000,000 us
      411	1  	       57.000,000 us
      412	0  	        8.000,000 us
      413	1  	       57.000,000 us
      414	0  	        8.000,000 us
      415	1  	       57.000,000 us
      416	0  	        8.000,000 us
      417	1  	       57.000,000 us
      418	0  	        8.000,000 us
      419	1  	       57.000,000 us
      420	0  	        8.000,000 us
      421	1  	       57.000,000 us
      422	0  	        8.000,000 us
      423	1  	       56.000,000 us
      424	0  	      530.000,000 us
      425	1  	       56.000,000 us
      426	0  	        8.000,000 us
      427	1  	       57.000,000 us
      428	0  	        8.000,000 us
      429	1  	       57.000,000 us
      430	0  	        8.000,000 us
      431	1  	       57.000,000 us
      432	0  	        8.000,000 us
      433	1  	       57.000,000 us
      434	0  	        8.000,000 us
      435	1  	       57.000,000 us
      436	0  	        8.000,000 us
      437	1  	       56.000,000 us
      438	0  	        8.000,000 us
      439	1  	       57.000,000 us
      440	0  	      529.000,000 us
      441	1  	       10.000,000 us
      442	0  	       57.000,000 us
      443	1  	       10.000,000 us
      444	0  	       57.000,000 us
      445	1  	       10.000,000 us
      446	0  	       57.000,000 us
      447	1  	       56.000,000 us
      448	0  	        8.000,000 us
      449	1  	       57.000,000 us
      450	0  	        8.000,000 us
      451	1  	       10.000,000 us
      452	0  	       57.000,000 us
      453	1  	       10.000,000 us
      454	0  	       57.000,000 us
      455	1  	       57.000,000 us
      456	0  	    3.951,000,000 ms
      457	1  	       57.000,000 us
      458	0  	      983.000,000 us
      459	1  	       57.000,000 us
      460	0  	      983.000,000 us
      461	1  	       11.000,000 us
      462	0  	    1.029,000,000 ms
      463	1  	       57.000,000 us
      464	0  	      983.000,000 us
      465	1  	       57.000,000 us
      466	0  	      983.000,000 us
      467	1  	       57.000,000 us
      468	0  	      983.000,000 us
      469	1  	       10.000,000 us
      470	0  	    1.030,000,000 ms
      471	1  	       57.000,000 us
      472	0  	 1.006,639,000,000 s
      473	1  	      509.000,000 us
      474	0  	       28.000,000 us
      475	1  	      112.000,000 us
      476	0  	    4.343,000,000 ms
      477	1  	       10.000,000 us
      478	0  	       56.000,000 us
      479	1  	       57.000,000 us
      480	0  	        8.000,000 us
      481	1  	       10.000,000 us
      482	0  	       57.000,000 us
      483	1  	       57.000,000 us
      484	0  	        8.000,000 us
      485	1  	       10.000,000 us
      486	0  	       57.000,000 us
      487	1  	       57.000,000 us
      488	0  	        8.000,000 us
      489	1  	       10.000,000 us
      490	0  	       56.000,000 us
      491	1  	       57.000,000 us
      492	0  	      522.000,000 us
      493	1  	       57.000,000 us
      494	0  	        8.000,000 us
      495	1  	       10.000,000 us
      496	0  	       56.000,000 us
      497	1  	       57.000,000 us
      498	0  	        8.000,000 us
      499	1  	       57.000,000 us
      500	0  	        8.000,000 us
      501	1  	       57.000,000 us
      502	0  	        8.000,000 us
      503	1  	       57.000,000 us
      504	0  	        8.000,000 us
      505	1  	       10.000,000 us
      506	0  	       57.000,000 us
      507	1  	       56.000,000 us
      508	0  	      526.000,000 us
      509	1  	       57.000,000 us
      510	0  	        8.000,000 us
      511	1  	       56.000,000 us
      512	0  	        8.000,000 us
      513	1  	       57.000,000 us
      514	0  	        8.000,000 us
      515	1  	       10.000,000 us
      516	0  	       57.000,000 us
      517	1  	       57.000,000 us
      518	0  	        8.000,000 us
      519	1  	       10.000,000 us
      520	0  	       57.000,000 us
      521	1  	       57.000,000 us
      522	0  	        8.000,000 us
      523	1  	       10.000,000 us
      524	0  	      572.000,000 us
      525	1  	       57.000,000 us
      526	0  	        8.000,000 us
      527	1  	       10.000,000 us
      528	0  	       56.000,000 us
      529	1  	       10.000,000 us
      530	0  	       57.000,000 us
      531	1  	       57.000,000 us
      532	0  	        8.000,000 us
      533	1  	       57.000,000 us
      534	0  	        8.000,000 us
      535	1  	       10.000,000 us
      536	0  	       57.000,000 us
      537	1  	       57.000,000 us
      538	0  	        7.000,000 us
      539	1  	       11.000,000 us
      540	0  	      570.000,000 us
      541	1  	       10.000,000 us
      542	0  	       57.000,000 us
      543	1  	       10.000,000 us
      544	0  	       56.000,000 us
      545	1  	       57.000,000 us
      546	0  	        8.000,000 us
      547	1  	       57.000,000 us
      548	0  	        8.000,000 us
      549	1  	       57.000,000 us
      550	0  	        8.000,000 us
      551	1  	       57.000,000 us
      552	0  	        8.000,000 us
      553	1  	       57.000,000 us
      554	0  	        8.000,000 us
      555	1  	       56.000,000 us
      556	0  	      526.000,000 us
      557	1  	       57.000,000 us
      558	0  	        8.000,000 us
      559	1  	       56.000,000 us
      560	0  	        8.000,000 us
      561	1  	       57.000,000 us
      562	0  	        8.000,000 us
      563	1  	       57.000,000 us
      564	0  	        8.000,000 us
      565	1  	       57.000,000 us
      566	0  	        8.000,000 us
      567	1  	       57.000,000 us
      568	0  	        8.000,000 us
      569	1  	       57.000,000 us
      570	0  	        8.000,000 us
      571	1  	       56.000,000 us
      572	0  	      530.000,000 us
      573	1  	       56.000,000 us
      574	0  	        8.000,000 us
      575	1  	       57.000,000 us
      576	0  	        8.000,000 us
      577	1  	       57.000,000 us
      578	0  	        8.000,000 us
      579	1  	       57.000,000 us
      580	0  	        8.000,000 us
      581	1  	       57.000,000 us
      582	0  	        8.000,000 us
      583	1  	       57.000,000 us
      584	0  	        8.000,000 us
      585	1  	       56.000,000 us
      586	0  	        8.000,000 us
      587	1  	       57.000,000 us
      588	0  	      530.000,000 us
      589	1  	       56.000,000 us
      590	0  	        8.000,000 us
      591	1  	       57.000,000 us
      592	0  	        8.000,000 us
      593	1  	       57.000,000 us
      594	0  	        8.000,000 us
      595	1  	       57.000,000 us
      596	0  	        8.000,000 us
      597	1  	       57.000,000 us
      598	0  	        8.000,000 us
      599	1  	       57.000,000 us
      600	0  	        8.000,000 us
      601	1  	       56.000,000 us
      602	0  	        8.000,000 us
      603	1  	       57.000,000 us
      604	0  	      530.000,000 us
      605	1  	       10.000,000 us
      606	0  	       56.000,000 us
      607	1  	       10.000,000 us
      608	0  	       57.000,000 us
      609	1  	       10.000,000 us
      610	0  	       57.000,000 us
      611	1  	       57.000,000 us
      612	0  	        8.000,000 us
      613	1  	       57.000,000 us
      614	0  	        8.000,000 us
      615	1  	       10.000,000 us
      616	0  	       56.000,000 us
      617	1  	       11.000,000 us
      618	0  	       56.000,000 us
      619	1  	       57.000,000 us
      620	0  	    3.119,000,000 ms
      621	1  	       57.000,000 us
      622	0  	        8.000,000 us
      623	1  	       10.000,000 us
      624	0  	       57.000,000 us
      625	1  	       10.000,000 us
      626	0  	       57.000,000 us
      627	1  	       10.000,000 us
      628	0  	       57.000,000 us
      629	1  	       10.000,000 us
      630	0  	       56.000,000 us
      631	1  	       11.000,000 us
      632	0  	       56.000,000 us
      633	1  	       57.000,000 us
      634	0  	        8.000,000 us
      635	1  	       10.000,000 us
      636	0  	    2.542,000,000 ms
      637	1  	       29.000,000 us
      638	0  	       38.000,000 us
      639	1  	       10.000,000 us
      640	0  	       57.000,000 us
      641	1  	       10.000,000 us
      642	0  	       57.000,000 us
      643	1  	       10.000,000 us
      644	0  	       57.000,000 us
      645	1  	       28.000,000 us
      646	0  	       38.000,000 us
      647	1  	       10.000,000 us
      648	0  	       57.000,000 us
      649	1  	       29.000,000 us
      650	0  	       38.000,000 us
      651	1  	       10.000,000 us
      652	0  	      562.000,000 us
      653	1  	       11.000,000 us
      654	0  	       56.000,000 us
      655	1  	       29.000,000 us
      656	0  	       38.000,000 us
      657	1  	       28.000,000 us
      658	0  	       39.000,000 us
      659	1  	       28.000,000 us
      660	0  	       39.000,000 us
      661	1  	       28.000,000 us
      662	0  	       38.000,000 us
      663	1  	       29.000,000 us
      664	0  	       38.000,000 us
      665	1  	       29.000,000 us
      666	0  	       38.000,000 us
      667	1  	       29.000,000 us
      668	0  	      543.000,000 us
      669	1  	       11.000,000 us
      670	0  	       56.000,000 us
      671	1  	       10.000,000 us
      672	0  	       57.000,000 us
      673	1  	       28.000,000 us
      674	0  	       39.000,000 us
      675	1  	       28.000,000 us
      676	0  	       39.000,000 us
      677	1  	       28.000,000 us
      678	0  	       38.000,000 us
      679	1  	       29.000,000 us
      680	0  	       38.000,000 us
      681	1  	       29.000,000 us
      682	0  	       38.000,000 us
      683	1  	       29.000,000 us
      684	0  	      543.000,000 us
      685	1  	       11.000,000 us
      686	0  	       56.000,000 us
      687	1  	       10.000,000 us
      688	0  	       57.000,000 us
      689	1  	       28.000,000 us
      690	0  	       39.000,000 us
      691	1  	       28.000,000 us
      692	0  	       39.000,000 us
      693	1  	       28.000,000 us
      694	0  	       38.000,000 us
      695	1  	       29.000,000 us
      696	0  	       38.000,000 us
      697	1  	       29.000,000 us
      698	0  	       38.000,000 us
      699	1  	       29.000,000 us
      700	0  	      543.000,000 us
      701	1  	       11.000,000 us
      702	0  	       56.000,000 us
      703	1  	       10.000,000 us
      704	0  	       57.000,000 us
      705	1  	       10.000,000 us
      706	0  	       57.000,000 us
      707	1  	       10.000,000 us
      708	0  	       57.000,000 us
      709	1  	       10.000,000 us
      710	0  	       56.000,000 us
      711	1  	       11.000,000 us
      712	0  	       56.000,000 us
      713	1  	       10.000,000 us
      714	0  	       57.000,000 us
      715	1  	       29.000,000 us
      716	0  	      543.000,000 us
      717	1  	       11.000,000 us
      718	0  	       56.000,000 us
      719	1  	       10.000,000 us
      720	0  	       57.000,000 us
      721	1  	       10.000,000 us
      722	0  	       57.000,000 us
      723	1  	       10.000,000 us
      724	0  	       57.000,000 us
      725	1  	       10.000,000 us
      726	0  	       56.000,000 us
      727	1  	       11.000,000 us
      728	0  	       56.000,000 us
      729	1  	       10.000,000 us
      730	0  	       57.000,000 us
      731	1  	       10.000,000 us
      732	0  	      562.000,000 us
      733	1  	       29.000,000 us
      734	0  	       38.000,000 us
      735	1  	       10.000,000 us
      736	0  	       57.000,000 us
      737	1  	       28.000,000 us
      738	0  	       39.000,000 us
      739	1  	       28.000,000 us
      740	0  	       39.000,000 us
      741	1  	       28.000,000 us
      742	0  	       38.000,000 us
      743	1  	       29.000,000 us
      744	0  	       38.000,000 us
      745	1  	       29.000,000 us
      746	0  	       38.000,000 us
      747	1  	       29.000,000 us
      748	0  	      543.000,000 us
      749	1  	       29.000,000 us
      750	0  	       38.000,000 us
      751	1  	       29.000,000 us
      752	0  	       38.000,000 us
      753	1  	       28.000,000 us
      754	0  	       39.000,000 us
      755	1  	       28.000,000 us
      756	0  	       39.000,000 us
      757	1  	       10.000,000 us
      758	0  	       56.000,000 us
      759	1  	       29.000,000 us
      760	0  	       38.000,000 us
      761	1  	       29.000,000 us
      762	0  	       38.000,000 us
      763	1  	       29.000,000 us
      764	0  	      543.000,000 us
      765	1  	       10.000,000 us
      766	0  	       57.000,000 us
      767	1  	       29.000,000 us
      768	0  	       38.000,000 us
      769	1  	       10.000,000 us
      770	0  	       57.000,000 us
      771	1  	       28.000,000 us
      772	0  	       38.000,000 us
      773	1  	       29.000,000 us
      774	0  	       38.000,000 us
      775	1  	       29.000,000 us
      776	0  	       38.000,000 us
      777	1  	       10.000,000 us
      778	0  	       57.000,000 us
      779	1  	       28.000,000 us
